2 0
1.84775906502257 0.765366864730180
1.41421356237310 1.41421356237310
0.765366864730180 1.84775906502257
1.22464679914735e-16 2
-0.765366864730180 1.84775906502257 
-1.41421356237310 1.41421356237310
-1.84775906502257 0.765366864730180
-2 2.44929359829471e-16
-1.84775906502257 -0.765366864730179
-1.41421356237310 -1.41421356237310
-0.765366864730181 -1.84775906502257
-3.67394039744206e-16 -2 
0.765366864730180 -1.84775906502257
1.41421356237309 -1.41421356237310
1.84775906502257 -0.765366864730181